{
  "accessors": [
    {
      "bufferView": 1,
      "componentType": 5126,
      "count": 21581,
      "max": [
        3.757699966430664,
        1.8027700185775757,
        0.603630006313324
      ],
      "min": [
        -3.757159948348999,
        -1.8027700185775757,
        -0.5535200238227844
      ],
      "type": "VEC3"
    },
    {
      "bufferView": 1,
      "byteOffset": 258972,
      "componentType": 5126,
      "count": 21581,
      "max": [
        1.0,
        1.0,
        1.0
      ],
      "min": [
        -1.0,
        -1.0,
        -0.19327294826507568
      ],
      "type": "VEC3"
    },
    {
      "bufferView": 0,
      "componentType": 5125,
      "count": 128640,
      "type": "SCALAR"
    },
    {
      "bufferView": 1,
      "byteOffset": 517944,
      "componentType": 5126,
      "count": 13486,
      "max": [
        3.3601999282836914,
        3.778480052947998,
        0.6311299800872803
      ],
      "min": [
        -5.245669841766357,
        -3.2280099391937256,
        -0.7801700234413147
      ],
      "type": "VEC3"
    },
    {
      "bufferView": 1,
      "byteOffset": 679776,
      "componentType": 5126,
      "count": 13486,
      "max": [
        0.9994885921478271,
        0.999614417552948,
        1.0
      ],
      "min": [
        -0.9968136548995972,
        -0.997669517993927,
        -0.9999882578849792
      ],
      "type": "VEC3"
    },
    {
      "bufferView": 0,
      "byteOffset": 514560,
      "componentType": 5125,
      "count": 80784,
      "type": "SCALAR"
    }
  ],
  "asset": {
    "extras": {
      "author": "SaschaUncia (https://sketchfab.com/sascha-snowstorm)",
      "license": "CC-BY-4.0 (http://creativecommons.org/licenses/by/4.0/)",
      "source": "https://sketchfab.com/3d-models/ice-cube-tray-e900bc971a7f425494514e9c665a2f4f",
      "title": "Ice Cube Tray"
    },
    "generator": "Sketchfab-12.66.0",
    "version": "2.0"
  },
  "bufferViews": [
    {
      "buffer": 0,
      "byteLength": 837696,
      "name": "floatBufferViews",
      "target": 34963
    },
    {
      "buffer": 0,
      "byteLength": 841608,
      "byteOffset": 837696,
      "byteStride": 12,
      "name": "floatBufferViews",
      "target": 34962
    }
  ],
  "buffers": [
    {
      "byteLength": 1679304,
      "uri": "scene.bin"
    }
  ],
  "materials": [
    {
      "alphaMode": "BLEND",
      "doubleSided": true,
      "name": "material",
      "pbrMetallicRoughness": {
        "baseColorFactor": [
          0.23024939790495977,
          0.3022898069765608,
          0.5642024375925112,
          0.15
        ],
        "metallicFactor": 0.0,
        "roughnessFactor": 0.6
      }
    },
    {
      "doubleSided": true,
      "name": "Plastic",
      "pbrMetallicRoughness": {
        "baseColorFactor": [
          0.1312250719,
          0.095689124,
          0.4250892273,
          1.0
        ],
        "metallicFactor": 0.0,
        "roughnessFactor": 0.6
      }
    }
  ],
  "meshes": [
    {
      "name": "Ice Cube Tray",
      "primitives": [
        {
          "attributes": {
            "NORMAL": 1,
            "POSITION": 0
          },
          "indices": 2,
          "material": 1,
          "mode": 4
        }
      ]
    },
    {
      "name": "Ice Cube Tray.001",
      "primitives": [
        {
          "attributes": {
            "NORMAL": 4,
            "POSITION": 3
          },
          "indices": 5,
          "material": 0,
          "mode": 4
        }
      ]
    }
  ],
  "nodes": [
    {
      "children": [
        1
      ],
      "matrix": [
        1.0,
        0.0,
        0.0,
        0.0,
        0.0,
        2.220446049250313e-16,
        -1.0,
        0.0,
        0.0,
        1.0,
        2.220446049250313e-16,
        0.0,
        0.0,
        0.0,
        0.0,
        1.0
      ],
      "name": "Sketchfab_model"
    },
    {
      "children": [
        2,
        4,
        6,
        8,
        10,
        12,
        14
      ],
      "name": "Root"
    },
    {
      "children": [
        3
      ],
      "matrix": [
        -0.29086000000000006,
        0.9551700000000001,
        -0.05519000000000001,
        0.0,
        -0.7711,
        -0.19988000000000003,
        0.6045200000000001,
        0.0,
        0.5663900000000001,
        0.21839000000000003,
        0.7946700000000001,
        0.0,
        5.951650000000001,
        -5.4624299999999995,
        3.91103,
        1.0
      ],
      "name": "Lamp"
    },
    {
      "name": "Lamp"
    },
    {
      "children": [
        5
      ],
      "matrix": [
        1.0,
        0.0,
        0.0,
        0.0,
        0.0,
        1.0,
        0.0,
        0.0,
        0.0,
        0.0,
        1.0,
        0.0,
        3.4379,
        0.0,
        -0.29077000000000003,
        1.0
      ],
      "name": "Ice Cube Tray"
    },
    {
      "mesh": 0,
      "name": "Ice Cube Tray"
    },
    {
      "children": [
        7
      ],
      "matrix": [
        0.6151900000000001,
        -0.29660000000000003,
        0.73046,
        0.0,
        0.56123,
        0.81546,
        -0.14155,
        0.0,
        -0.5536800000000001,
        0.49704000000000004,
        0.6681300000000001,
        0.0,
        -1.91427,
        3.0962199999999998,
        2.93329,
        1.0
      ],
      "name": "Area"
    },
    {
      "name": "Area"
    },
    {
      "children": [
        9
      ],
      "matrix": [
        -0.6629100000000001,
        0.7479400000000002,
        -0.033780000000000004,
        0.0,
        0.6197900000000002,
        0.5229,
        -0.58518,
        0.0,
        -0.42001000000000005,
        -0.40886000000000006,
        -0.8102,
        0.0,
        -0.20257,
        -1.53581,
        -6.53889,
        1.0
      ],
      "name": "Area.001"
    },
    {
      "name": "Area.001"
    },
    {
      "children": [
        11
      ],
      "matrix": [
        -0.37407000000000007,
        0.91759,
        -0.13453,
        0.0,
        0.46422,
        0.31084000000000006,
        0.8293900000000001,
        0.0,
        0.8028500000000001,
        0.24780000000000002,
        -0.54224,
        0.0,
        11.918869999999998,
        2.2339100000000003,
        2.36477,
        1.0
      ],
      "name": "Area.002"
    },
    {
      "name": "Area.002"
    },
    {
      "children": [
        13
      ],
      "matrix": [
        -0.37407000000000007,
        0.91759,
        -0.13453,
        0.0,
        0.46422,
        0.31084000000000006,
        0.8293900000000001,
        0.0,
        0.8028500000000001,
        0.24780000000000002,
        -0.54224,
        0.0,
        11.918869999999998,
        2.2339100000000003,
        -4.00237,
        1.0
      ],
      "name": "Area.003"
    },
    {
      "name": "Area.003"
    },
    {
      "children": [
        15
      ],
      "matrix": [
        1.0,
        0.0,
        0.0,
        0.0,
        0.0,
        1.0,
        0.0,
        0.0,
        0.0,
        0.0,
        1.0,
        0.0,
        3.4379,
        0.0,
        -0.29077000000000003,
        1.0
      ],
      "name": "Ice Cube Tray.001"
    },
    {
      "mesh": 1,
      "name": "Ice Cube Tray.001"
    }
  ],
  "scene": 0,
  "scenes": [
    {
      "name": "Sketchfab_Scene",
      "nodes": [
        0
      ]
    }
  ]
}
